0.000000000000000000e+00
0.000000000000000000e+00
3.922592587272215496e+02
1.361880415331175413e+02
6.106941959313198254e+01
3.189973180455075763e+01
1.844713286257892548e+01
1.147242317248415588e+01
7.536244443648914881e+00
5.167221783454412076e+00
3.666295746605717554e+00
2.676018142305523817e+00
2.005463864199268809e+00
1.523810528975822809e+00
1.180042040548394677e+00
9.293878266869803895e-01
7.400067695422721803e-01
5.971490036058716422e-01
4.783671901413510397e-01
3.997428631220359962e-01
3.318569039742018112e-01
2.765961531978753940e-01
2.331111418412694924e-01
1.967820789683345784e-01
1.672479209016086155e-01
1.433242900762334293e-01
1.227906256826164361e-01
1.065398841967395843e-01
9.228234972096520383e-02
8.062698939006079923e-02
7.102701842406343447e-02
6.196031446467095694e-02
5.441738274848774426e-02
4.828420709052033688e-02
4.273410806906613457e-02
3.809754557803279179e-02
3.424666189838927732e-02
3.039613785375114285e-02
2.714912647304669469e-02
2.459424002642994142e-02
2.206547405985982355e-02
2.031052421247644957e-02
1.840145278335230880e-02
1.674973664578312954e-02
1.475247483562988800e-02
1.348760092389009180e-02
1.257944847461925884e-02
1.159047161983979037e-02
1.037286574372772718e-02
9.183195897121902707e-03
8.605253477174111196e-03
8.065316524396962811e-03
8.043662699851602052e-03
7.633784748471298190e-03
6.688101693642271341e-03
5.687098701089366923e-03
5.055483967553048470e-03
4.631616029521067740e-03
4.418977813789921015e-03
4.156664313809003107e-03
3.872399206941254824e-03
4.077425092387852550e-03
3.759777014457462308e-03
3.299139785176067371e-03
3.143103034673249471e-03
2.705577673182482223e-03
2.419068970030132087e-03
2.048379090595662828e-03
1.981372757992948697e-03
1.885345852110843550e-03
1.933880998871753123e-03
1.923549492514877281e-03
1.879217523380196037e-03
1.743752575439399578e-03
1.550078796863115296e-03
1.410189291837692311e-03
1.256529693265937865e-03
1.153381918275973037e-03
1.150795673106601953e-03
1.072217619271073532e-03
1.046324886570600523e-03
9.831548463944208855e-04
9.550330884921072938e-04
8.979403580561670303e-04
8.843099320987067103e-04
7.885784350303571806e-04
6.829961831304769875e-04
7.529892047009329858e-04
6.303722787243911437e-04
6.203802241875394294e-04
6.027868570887843971e-04
5.236913372547591242e-04
4.985424078235247726e-04
5.265743403628519743e-04
4.501870610406175522e-04
4.319069847504336166e-04
2.701594249507769459e-04
2.707202859367362669e-04
2.818755313285832976e-04
2.110007865883762809e-04
2.038489268768917974e-04
1.683078836506773967e-04
3.303367032572477680e-04
3.321020060746834803e-04
3.557307066084046659e-04
3.600835353265498273e-04
3.893946203729151405e-04
2.826835300325146135e-04
2.872481030086569817e-04
2.821878612229470566e-04
2.316493610057299526e-04
1.778113139295304243e-04
1.243878064723328983e-04
1.114165517558634428e-04
6.935467168588543309e-05
7.334935891207473488e-05
2.150227120374764611e-05
5.542728803139227860e-05
1.078325613998866683e-04
1.158429291088404483e-04
1.492992145098554163e-04
1.470304520059691460e-04
1.451337925612813690e-04
1.468012774858015680e-04
1.550284767017910312e-04
1.429773723233754691e-04
1.438276951643471108e-04
1.312874971265803577e-04
1.089397481584570974e-04
1.079981016573950856e-04
1.029586430899315935e-04
9.696206333685359528e-05
1.200304561586859121e-04
1.219407549123148715e-04
1.328395275060201676e-04
1.556765248494550126e-04
1.431387309728127534e-04
1.493860042090989126e-04
1.524938442163203229e-04
1.077924673587823718e-04
1.150134842399327029e-04
8.180505173686817395e-05
8.185840012874814279e-05
9.411657478630261107e-05
7.632204451436584529e-05
5.466697693573017639e-05
9.741835536376289263e-05
7.609077187362591323e-05
5.954095926180473720e-05
7.122067855574391437e-05
5.091738027076437477e-05
4.315720476110412293e-05
9.530416310232193256e-06
-7.227449765745196331e-06
-2.523750485470315700e-05
-4.239720904546820601e-05
-9.481986450214955568e-05
-1.039058403898738089e-04
-1.250384389169398259e-04
-1.558126224347635802e-04
-1.758194279881312549e-04
-1.835546754392103927e-04
-1.952555870339505025e-04
-1.740074721910515887e-04
-1.881588770758676186e-04
-1.664688540968996700e-04
-1.421026149643743344e-04
-9.675827673107143228e-05
-7.875226554708817815e-05
-5.291609874434990198e-05
-1.782159481658705187e-05
-3.846774031904760452e-06
7.084948131865729426e-06
1.218084662052618199e-06
1.141125497069443259e-05
2.357418487330107027e-05
9.290651155772127067e-06
7.759751802906040105e-07
-1.510532017276533486e-05
-3.642180384301462197e-05
-3.267140647296788681e-05
-4.553411536588496448e-05
-5.882303520782041265e-05
-8.477224652683790532e-05
-9.394875610012531550e-05
-9.887663016093419660e-05
-1.652249039548829004e-04
-1.700013045906594174e-04
-1.793073821197821828e-04
-2.044703522687291869e-04
-1.663373322764831192e-04
-1.926829787427509447e-04
-1.918562223411512556e-04
-2.006517993642068128e-04
-1.803239304257171045e-04
-1.669762249215673959e-04
-1.589900386544789985e-04
-1.308924451855608803e-04
-9.375344240521023915e-05
-4.648452044469922936e-05
1.195774564952938943e-05
7.083091342665799887e-05
1.416053390597250632e-04
2.125195030369566153e-04
2.722713633111153867e-04
3.431574376623016580e-04
4.028328950635118549e-04
4.731359950515063228e-04
5.214644890912134047e-04
5.695380365933758659e-04
6.172722627100757885e-04
6.645298597931373688e-04
6.905298016640121390e-04
7.264493635068038644e-04
7.516333825411092816e-04
7.762791562978810494e-04
7.903311984568486305e-04
8.137087571535328058e-04
8.264924747410623941e-04
8.385144227501723814e-04
8.497161668401319139e-04
8.599903382408454183e-04
8.692463105551300655e-04
8.587305031253010101e-04
8.658827751894152642e-04
8.626189432936505475e-04
8.581908651892339443e-04
8.435124072831207869e-04
8.366268461766245739e-04
8.283616945989050922e-04
8.098721931230424068e-04
7.813181729382407976e-04
7.601403535844742775e-04
7.374865994148372978e-04
6.963149587285527792e-04
6.622722024915201787e-04
6.183655481996129348e-04
5.730457485773616643e-04
5.262534974238772256e-04
4.860814993132742904e-04
4.280474305741777423e-04
3.845410245781491574e-04
3.392146500907007351e-04
2.920538809044548670e-04
2.430135956629294214e-04
1.920400805434796119e-04
1.467855163349037590e-04
1.070242188440508833e-04
6.499096034311259505e-05
3.564912801032542702e-05
3.735165920537372397e-06
-1.616192767783024785e-05
-4.711107823960300511e-05
-5.350123196034355338e-05
-6.568775820447097851e-05
-7.733669415316785447e-05
-8.230636589767227618e-05
-8.168823174455045106e-05
-8.352474748607577109e-05
-8.174858887781886704e-05
-7.047982104074713636e-05
-6.449310881678440742e-05
-6.457166057275349526e-05
-3.785820044444319796e-05
-2.587637722562295884e-05
-2.255404139985317850e-05
-8.857431682504297626e-06
-5.454014883236145682e-06
-2.668253317695486877e-08
-6.327910720972948564e-06
5.688013004814386135e-07
5.354158328357273148e-07
1.174458792065996866e-05
1.440222123431207626e-05
2.025795671567629192e-05
2.227674790727307826e-05
3.193862127970662716e-05
3.008921701852603324e-05
3.422935354549473327e-05
3.746184358070962588e-05
3.901596143274949915e-05
4.992564080494720516e-05
4.582050242996074598e-05
4.947465104142826807e-05
5.419033851292223692e-05
5.918574014050407119e-05
5.801164670751260535e-05
5.569242261241835556e-05
5.711423899108433055e-05
5.589043644380686451e-05
5.687030967156041054e-05
5.928031385530294783e-05
4.054224658502607196e-05
4.371504550802096005e-05
3.534898465104585347e-05
4.169266182645437813e-05
3.519890267463911471e-05
3.124483670480961145e-05
1.860655512954148788e-05
1.237724463521329822e-05
1.404358018325643107e-06
-9.756348662388050145e-06
-1.663939299596560865e-05
-2.502100923361281961e-05
-3.549403365179598603e-05
-4.363289468862352602e-05
-5.506665950381189054e-05
-6.540410764306496592e-05
-7.526856185343846074e-05
-8.040430681220103650e-05
-9.118146004849039831e-05
-9.846454342997442550e-05
-1.029053676200441386e-04
-1.099023611808106073e-04
-1.152647835393525404e-04
-1.196039734784396229e-04
-1.235223098812917837e-04
-1.275884404082754532e-04
-1.323691894873276766e-04
-1.338562214686857981e-04
-1.326613346399054493e-04
-1.339041484748282004e-04
-1.336187264428956994e-04
-1.323796514524353863e-04
-1.307475369904264771e-04
-1.248809024998468386e-04
-1.241406811690366362e-04
-1.202730640166555751e-04
-1.138766200587685770e-04
-1.098240836090513069e-04
-1.043228497033864228e-04
-9.368288069935711254e-05
-8.695956654107859585e-05
-8.041112339500658759e-05
-7.036785689897881544e-05
-6.571220454523640417e-05
-5.860244456436662142e-05
-4.959262681877870771e-05
-4.329608307706895345e-05
-3.206517811501045109e-05
-2.453661359046601065e-05
-2.114006148780784073e-05
-1.433810610607218151e-05
-8.635172972847665395e-06
-5.652643202288207308e-07
1.526555585815718832e-06
5.037820739248412128e-06
5.601252925882626405e-06
6.634872341713450910e-06
3.837449639553979938e-06
6.043314415110621977e-07
4.100811778039590250e-06
-4.687206886296875289e-06
-1.066052839125666878e-05
-2.134393099096813397e-05
-2.931887988091427260e-05
-3.835209009141123419e-05
-4.847362966432774625e-05
-5.607944060834489696e-05
-6.848594198563822018e-05
-7.847213044077550764e-05
-8.969797301138822268e-05
-9.863767993988682172e-05
-1.089043607188469766e-04
-1.170187695625859482e-04
-1.265432297998852953e-04
-1.340349248759874527e-04
-1.395637928193344804e-04
-1.500881361265643294e-04
-1.518908159843713915e-04
-1.553654541280663698e-04
-1.605214262135502964e-04
-1.640214031801572362e-04
-1.659277621227623722e-04
-1.663106510933531402e-04
-1.685497879849366480e-04
-1.660732151250758821e-04
-1.622757183772926301e-04
-1.604808208561992920e-04
-1.574504636412382003e-04
-1.500317718293310391e-04
-1.447478529664456589e-04
-1.416042193304666117e-04
-1.342619020947106653e-04
-1.228332127625164887e-04
-1.168399340312952438e-04
-1.068732882610529448e-04
-9.924232526863945220e-05
-9.086831744435640323e-05
-8.180027223129919902e-05
-7.209037322736837263e-05
-6.178979339678342608e-05
-5.397088796924979267e-05
-4.261506057529611962e-05
-3.381325059642818726e-05
-2.756294651630538815e-05
-1.792889174363765381e-05
-1.386304356663004761e-05
-6.503094023299685831e-06
-1.786337928028030750e-06
2.884154412699616992e-07
2.665214625870851007e-06
5.538694207117739977e-06
6.279634874482607254e-06
5.163409707880254572e-06
5.299610595710860166e-06
1.261412893697580525e-06
-1.027446246032389633e-06
-4.150459732072521634e-06
-5.073309622470725594e-06
-9.131517902369477974e-06
-1.053023148799101496e-05
-1.455919452099700935e-05
-1.821764347144307585e-05
-2.399466587362010538e-05
-2.622094350330516724e-05
-3.009859895783275921e-05
-3.537495400648146913e-05
-3.913582608170633297e-05
-4.117739296948639432e-05
-4.393823454545616196e-05
-4.455402308870125321e-05
-4.544860603358028266e-05
-4.899323482364652694e-05
-5.234360589976689947e-05
-5.270171338018734295e-05
-5.245832110704465231e-05
-5.395282618659264466e-05
-5.440622791475951449e-05
-5.614232309765335350e-05
-5.389510431567143511e-05
-5.251510792640324177e-05
-5.427449971848417187e-05
-5.146326042087046092e-05
-5.135644497859431009e-05
-5.123681533314324688e-05
-4.845319511598558877e-05
-4.526771646970653961e-05
-4.390472212025301694e-05
-3.930406298749789613e-05
-3.611115365165261989e-05
-3.170796980901767882e-05
-3.067692079744075285e-05
-2.564902476304936648e-05
-2.120090080266467936e-05
-1.712418886736791622e-05
-1.555432050567480959e-05
-1.159711046480364469e-05
-9.726892621777179213e-06
-5.098382732551810421e-06
1.490286726443477356e-07
3.913197842550085723e-06
6.410655817279529779e-06
1.239271857710382665e-05
1.522996425017132469e-05
1.740837224711868527e-05
2.360867864038811243e-05
2.505156948461825681e-05
2.865155454314246184e-05
3.235926732512589565e-05
3.636697937391409735e-05
3.866698116329212522e-05
4.164880109510689507e-05
4.332353837196097654e-05
4.389435119351033874e-05
4.355518321064404238e-05
4.465634317584924975e-05
4.735761615566231350e-05
4.757360478742620770e-05
4.763340274385431471e-05
4.983235507889595997e-05
4.592441166305062200e-05
4.661955988346555330e-05
4.579790291341236759e-05
4.573064962414029929e-05
4.658060686375241772e-05
4.440945589980180476e-05
4.147619889755530713e-05
4.000775613131051661e-05
3.812487744452958084e-05
3.601510497020731064e-05
3.384933898373592521e-05
3.380903513785670276e-05
3.005162933096134752e-05
2.478129612740085521e-05
2.412939349225303189e-05
2.229333251117618408e-05
1.945768627985390911e-05
1.580327793996273307e-05
1.345688842677025112e-05
1.256976566024608919e-05
7.495439628032275790e-06
6.148069727427905412e-06
4.814644053287952302e-06
3.660759050888953098e-06
9.469818715659555302e-07
-1.250637102726766819e-06
-2.775196632731620242e-06
-3.472790971264280194e-06
-1.320576971235231751e-06
8.173659066070307060e-08
-9.763717512194440016e-07
2.968081326544244323e-06
4.507321467874023730e-06
5.519634617445716525e-06
1.150659177532093697e-05
1.332870358857498022e-05
1.829924416735964244e-05
2.098193933291445822e-05
2.501510849790093073e-05
2.681703318052206170e-05
3.177951900757837824e-05
3.455015129736033441e-05
3.871201997119240207e-05
4.249950244609213180e-05
4.593340895709257805e-05
4.903188930055050906e-05
5.007197031650774085e-05
5.256203924925008608e-05
5.650396746896715314e-05
5.844855902537277970e-05
5.843485706624208380e-05
5.820909532727708930e-05
5.949093323555234794e-05
6.057986444479510746e-05
5.811747322154198230e-05
5.720558682210027663e-05
5.952018339656528788e-05
5.835485408917112258e-05
5.709256656764530601e-05
5.409125310817859575e-05
5.599421934364374543e-05
5.288355758338670405e-05
4.974944455544517768e-05
4.660540440492933541e-05
4.346914259629509631e-05
4.035155243448075650e-05
3.888143095738982624e-05
3.423031825521001645e-05
3.125402215259604437e-05
2.835326620953942933e-05
2.394802538453425910e-05
2.123942337125537245e-05
1.706418109099688138e-05
1.460022549134927385e-05
1.070550721710226786e-05
8.534816773709699865e-06
4.968804884862758225e-06
3.139170035506374281e-06
1.494750952709492399e-06
4.684658373724557776e-08
3.238768091150528866e-07
-8.245476590805980303e-07
-4.267517507778146077e-07
-1.079015027774080457e-07
4.277770436144141849e-08
-6.269957206937147710e-08
9.906540182397651269e-07
1.604949546793238973e-06
1.696042545542662463e-06
4.152390289905225034e-06
2.938897042171051530e-06
5.382506581768445839e-06
6.947018560789492441e-06
9.019188549582896571e-06
1.004712354569984497e-05
1.140939617028095305e-05
1.301661327563264806e-05
1.477965409439941738e-05
1.517201432235921633e-05
1.699126047904296125e-05
1.727870188236366438e-05
1.738958317771657948e-05
1.866069854169072955e-05
1.958153130424154637e-05
2.007128639793478821e-05
2.145552608414606489e-05
2.084058333823696796e-05
2.095821981104688530e-05
2.171293118034039047e-05
2.301796029946346316e-05
2.064404562661994189e-05
2.005102488790075954e-05
1.976644124192313988e-05
1.970438103884852098e-05
1.978559125784067584e-05
1.856559222929493797e-05
1.868630334637046700e-05
1.735617188037076030e-05
1.585342160237462311e-05
1.410018211840897699e-05
1.335342096212193244e-05
1.219423628562849112e-05
1.054814246894912177e-05
7.020605804991909089e-06
4.184655986266072678e-06
3.266687042525692153e-06
1.555282223815454240e-06
2.889512385893136064e-06
1.967123012698516965e-06
2.776903057141460196e-08
-1.704334984457257385e-06
-3.303377673854492985e-06
-6.123402372199141921e-06
-6.391338215017579678e-06
-8.021973680379926300e-06
-8.534795837847096521e-06
-1.306959611756089207e-05
-1.409352239711599488e-05
-1.422355249381072234e-05
-1.604268099560330889e-05
-1.710715039429505093e-05
-1.749348818451278338e-05
-1.975525262237918516e-05
-2.023844254421898451e-05
-2.148960828453328858e-05
-2.234406444353682572e-05
-2.164723486659486624e-05
-2.192221358567841789e-05
-2.322673144847485561e-05
-2.198347859150594680e-05
-2.311652360323539538e-05
-2.305690623321799188e-05
-2.188072670715448864e-05
-2.206042472082309541e-05
-2.245405673226452843e-05
-2.194061121222399115e-05
-2.059098101459923752e-05
-1.966179599152604294e-05
-1.803440827815898579e-05
-1.813214143434815231e-05
-1.766196596057171571e-05
-1.552514816962380541e-05
-1.529299517109209059e-05
-1.353337466719915227e-05
-1.148043406594849693e-05
-1.150518396048227327e-05
-1.020631489787964641e-05
-8.804707919747808319e-06
-7.364797801373255394e-06
-5.949911827547595163e-06
-4.622741956577687437e-06
-4.576095460345882678e-06
-3.606262984934198645e-06
-1.784002299409601802e-06
-1.420038784594767304e-06
-1.445925456347135289e-06
3.066090603344666777e-07
-6.797401556067969371e-07
-1.550651706365928000e-08
1.690661654438066082e-08
-6.265984159989932324e-07
-1.945214290202231641e-06
-1.741234249604750597e-06
-3.291569472148308451e-06
-5.488282232104454790e-06
-6.153991289211212670e-06
-7.456291900388317096e-06
-1.046004540716753113e-05
-1.085190785568884238e-05
-1.185950146551129644e-05
-1.347164025725226222e-05
-1.461332394993215200e-05
-1.634479959153823913e-05
-1.759764305958192381e-05
-1.942454632660545134e-05
-2.076233890354127991e-05
-2.161256901889646370e-05
-2.406324492995592167e-05
-2.392693260340636680e-05
-2.537480535559591708e-05
-2.528256382918760590e-05
-2.675510831159000000e-05
-2.668541252966581909e-05
-2.713529506879097159e-05
-2.706878298674913271e-05
-2.750777901432752200e-05
-2.742526625563565493e-05
-2.681902313528894069e-05
-2.670067983023708273e-05
-2.504427623735009498e-05
-2.386826307150719423e-05
-2.316304600947344093e-05
-2.092189400017245316e-05
-2.014068385378627179e-05
-1.980919544718468802e-05
-1.892626890497014434e-05
-1.650503299946298006e-05
-1.550940680783329654e-05
-1.395514475053306868e-05
-1.282294818085760259e-05
-1.112761825741580893e-05
-9.842289123174989614e-06
-7.987793040565687721e-06
-7.499361328323380285e-06
-5.465638620596680225e-06
-3.819165165009409216e-06
-2.551600434813693668e-06
-1.654689835498737327e-06
-1.120392229821007200e-06
1.055055267486603536e-08
7.972884144374989545e-07
1.286541349629988644e-06
1.532100257965926191e-06
1.587506926016119009e-06
5.675986196667184199e-07
4.026136828093646434e-07
-7.287302979253288678e-07
2.184842970062467471e-08
-1.019770998195989871e-06
-1.014350884082937341e-06
-1.764443226166362451e-06
-2.294174063812518926e-06
-1.638548763030635307e-06
-3.414884322207298394e-06
-3.906095549992137756e-06
-3.982709089723064001e-06
-4.505215930737405342e-06
-5.420845076465525368e-06
-5.775486262597369506e-06
-7.322999704120173441e-06
-6.418224509458517238e-06
-7.503264761203010274e-06
-7.838197209272807411e-06
-8.270007744378420173e-06
-8.749426561978299055e-06
-8.343700383759629797e-06
-8.775702894100816630e-06
-9.111182239518356800e-06
-9.303227717919511640e-06
-1.017993057526999280e-05
-9.071242226300236055e-06
-9.425785039129172600e-06
-8.581686048391789725e-06
-8.231765880951511506e-06
-7.462327891446208657e-06
-7.950702692678521653e-06
-7.065761902123517990e-06
-7.339150115122399183e-06
-7.008062169685456504e-06
-6.882353268138881903e-06
-6.065122475878545182e-06
-5.362360501937339656e-06
-4.727119671418757754e-06
-3.271047038030853023e-06
-2.634603350280027633e-06
-2.765444010702213614e-06
-2.776716398395463174e-06
-1.790799550649415215e-06
-6.012395959094463739e-07
6.746350604923210839e-09
9.083022843008057260e-07
2.141087135276929111e-06
2.919253934185280538e-06
3.285132318282945242e-06
4.916203367648486387e-06
4.578675921568316010e-06
6.393714776182472605e-06
6.326411270111330322e-06
7.666196260741393496e-06
8.019328615742367378e-06
8.236331666441605408e-06
9.961998809548381725e-06
1.001956214077799812e-05
1.085576519041499324e-05
1.090891095671344505e-05
1.181087661951235060e-05
1.200944958943376298e-05
1.233674293286303961e-05
1.282995179253008213e-05
1.273634375774405634e-05
1.288491493105549266e-05
1.252623444079582559e-05
1.248336521463136312e-05
1.201016966443630061e-05
1.270009986599186161e-05
1.148465968608217914e-05
1.073171950264004341e-05
1.201251161668111144e-05
1.074083239288936460e-05
1.003661444985617410e-05
9.931420744174930277e-06
8.932338266064049787e-06
8.602798711595321135e-06
8.215185156930439087e-06
7.049273426754827857e-06
6.655738454048930993e-06
5.559118909107333201e-06
4.551007249718823141e-06
3.666023058373958405e-06
3.685711735184991183e-06
3.148151930286749130e-06
2.836085003140390376e-06
2.041499852523814653e-06
8.029592895767991556e-07
-1.036573664026972679e-07
8.253358454576894552e-07
-5.842319297239119774e-08
-5.106451664717785821e-07
-5.000302775202101654e-07
4.419507043547214565e-09
3.006901689263451967e-07
-3.307715013048162760e-07
1.006303105831938124e-06
1.410081063421765103e-06
3.043252954755878185e-06
3.741460934528823891e-06
4.224982869241233080e-06
4.493001548383523087e-06
5.969165073679712807e-06
6.510635257103822805e-06
6.830544850379124253e-06
7.635311831030253279e-06
8.213461196267031014e-06
9.971115134530181821e-06
1.079320175466432081e-05
1.068195788507293375e-05
1.104036849320668636e-05
1.255807984320055361e-05
1.314025695216315116e-05
1.417781230524421408e-05
1.428110923815945670e-05
1.483524446369722320e-05
1.514575349132122355e-05
1.452582234298828824e-05
1.503464958821194957e-05
1.461197329093677219e-05
1.394354834830231541e-05
1.438956093845432541e-05
1.390378587747124349e-05
1.384390516770449035e-05
1.352981562605434666e-05
1.296062903307082955e-05
1.280926089940788792e-05
1.172835994313925251e-05
1.172910462393736605e-05
1.013237396692082939e-05
9.610127654371732533e-06
8.824388193299517207e-06
7.112402438431037734e-06
6.460534714100430740e-06
5.541027620420645670e-06
4.353313021047792150e-06
3.553152541903080511e-06
1.826685607547344650e-06
1.136979942278667866e-06
8.231005897395448081e-07
8.802072041283469193e-07
6.551355571473613975e-07
-4.990502534981217359e-07
2.961657375179307401e-09
-4.320961610844305056e-07
-5.378725331484993430e-07
-3.457872874148955114e-07
-5.261846079179058882e-07
-1.105403809575946390e-06
-2.009168051666576557e-07
-3.908736573702863654e-07
-4.298781028443257033e-07
-3.476870511576390864e-07
4.565631978132479893e-07
6.915311767423145585e-07
9.600805395669661104e-07
1.233494089933033869e-06
1.483445792458571509e-06
4.356433519127118635e-07
2.422235879027427453e-06
2.432434539613929723e-06
2.926880864948443462e-06
3.256821367111802842e-06
3.395442394512900444e-06
3.930672151135608915e-06
4.218718152709078107e-06
4.233604103625018583e-06
4.559715177219388353e-06
4.558403806222434972e-06
4.204264016245629858e-06
5.290645602262875661e-06
4.756340063595328481e-06
4.998556911882177150e-06
5.382704552509371455e-06
5.279773611108422684e-06
5.265313902149810525e-06
5.909352154009814985e-06
5.390509428542406226e-06
4.880244286683734537e-06
4.945433415715088819e-06
4.369997276703434976e-06
4.905206661010420602e-06
3.567203195087359765e-06
3.284808298714285213e-06
3.436900117824047410e-06
3.408141895451272541e-06
2.588460604200072675e-06
2.706670555633034604e-06
1.983945221008258786e-06
1.561039827870704463e-06
8.301075105462300875e-07
9.233683365627561316e-07
6.552730928255106972e-07
2.152585658142263197e-09
8.933435161284224768e-08
-2.588468138754177608e-07
-1.635620789325235857e-06
-1.206071750647193941e-06
-1.852548446831637729e-06
-2.456258105437436674e-06
-2.474803959831406956e-06
-1.936251996531416114e-06
-1.996788831527665444e-06
-2.676422754278388884e-06
-2.871565241816830054e-06
-3.169829619899368675e-06
-5.272267125945544124e-06
-4.726194092127873935e-06
-5.470705741006722429e-06
-5.298547428351882748e-06
-5.902554475461910106e-06
-5.641551793693847305e-06
-5.648906712809786395e-06
-5.946231216212489728e-06
-5.455783295055355717e-06
-5.851516538487519413e-06
-6.056479878485592568e-06
-6.095064666006395771e-06
-5.446796551444817630e-06
-5.770430563902491437e-06
-5.455249490770692877e-06
-5.069696897302428880e-06
-5.177626282679382715e-06
-4.720643630012118755e-06
-4.801101683968746435e-06
-4.364997093015420308e-06
-3.974082873462195188e-06
-3.650807736913356850e-06
-3.417499700706790622e-06
-2.764142456682424154e-06
-2.778122623150893133e-06
-2.417877327210874981e-06
-1.708503053923563423e-06
-1.729946582077143464e-06
-1.446925523909118992e-06
-1.409197966409535585e-06
-5.889603945968805078e-07
-5.990324975065283393e-08
1.575628356839177775e-07
5.641921140370363209e-07
6.167243728622898736e-07
-2.235234799192161418e-07
9.782826482932711219e-08
1.590808353715489242e-09
-1.280993849905018206e-08
4.841189098921162457e-08
-3.310420578502063849e-07
-6.385460256530869569e-07
-1.388249622296508448e-06
-2.069575307597583389e-06
-2.176347369179465967e-06
-3.238631928064086078e-06
-3.225059976655059197e-06
-3.662467189981025055e-06
-4.550419649831958411e-06
-4.880899202198376388e-06
-5.162552217207099678e-06
-5.398044126750583006e-06
-6.090751425116941014e-06
-6.240930687226622684e-06
-6.851349965213837526e-06
-7.424671633103324625e-06
-7.466183300446714764e-06
-7.476821740035121179e-06
-7.954738998390451329e-06
-8.404765850930783310e-06
-8.830386039738748308e-06
-8.742139468621478381e-06
-8.635748280012801184e-06
-8.513960156768318198e-06
-8.379500533684714449e-06
-8.721997940150510377e-06
-8.080738728115831194e-06
-7.921788377990363403e-06
-7.758903111689135321e-06
-7.594711538535077096e-06
-6.949834131610798184e-06
-6.791161041435903387e-06
-6.158066327926022894e-06
-6.014395326776639164e-06
-5.880958252240691896e-06
-5.282306859402707221e-06
-4.700180178465692999e-06
-4.136787366418556303e-06
-3.594319562756933272e-06
-3.074822455960870800e-06
-3.053358078421951615e-06
-2.585303035051244799e-06
-1.675630204067014681e-06
-1.269339952058280255e-06
-8.964377965632509673e-07
-5.590511206743756633e-07
-2.591766768150714639e-07
1.189787986988901708e-09
2.227112249435680550e-07
-4.775942551448080183e-08
1.333554312861706574e-07
3.144208000985301242e-07
9.706642860532126421e-07
1.191460864909054460e-06
9.928742091782182644e-07
-5.269038554150090810e-07
-5.985145705427963794e-07
-5.883467629794794172e-07
-9.396541050925477082e-07
-1.181549406644530774e-06
-1.301312564131171715e-06
-1.286233433769266756e-06
-2.029100115249619205e-06
-2.156942857553162467e-06
-2.110890416498314087e-06
-2.328615433815648265e-06
-2.795448615135038452e-06
-2.600225849021776120e-06
-2.628375912667533089e-06
-2.865368465231337382e-06
-2.851254925267633602e-06
-3.019173503883407034e-06
-3.354915652109117198e-06
-2.072666067752127476e-06
-2.263481209559416909e-06
-2.582028425685250181e-06
-2.574287778491384556e-06
-2.668695583466217660e-06
-3.729015844033313469e-06
-3.547632488441073173e-06
-3.866894131501432681e-06
-3.362492537893171176e-06
-3.332386410329546318e-06
-3.326427312194492323e-06
-3.331809132878334311e-06
-2.902955797928425663e-06
-2.461441449232056282e-06
-2.856985205625477013e-06
-2.350919026969036183e-06
-2.224193693610571116e-06
-2.033265013142598960e-06
-1.338152950671118560e-06
-1.410091016773147615e-06
-9.536980771908288824e-07
-3.847309754819976610e-07
-5.404724042649101965e-07
-1.330509910614704898e-07
8.987935595046618045e-10
2.976473581507971366e-07
7.693492565744073908e-07
5.871262807516563980e-07
6.073721311444856289e-07
4.230806694211286800e-07
4.667164582827745401e-07
7.500677261040134775e-07
1.701428945699286890e-06
2.082752732910652582e-06
2.325146171282940628e-06
2.442552028789840610e-06
2.861953711650761639e-06
2.356655577394560153e-06
2.592321291620424515e-06
2.755483004993061314e-06
2.449035955067686253e-06
2.917250678488505524e-06
2.942171528810991720e-06
2.947054122817069090e-06
3.352106803060687225e-06
2.948321463750862771e-06
2.970192731686598505e-06
3.428103007361289464e-06
3.119470486274661692e-06
3.271743185240198009e-06
3.089509835369030251e-06
3.391278977792548729e-06
2.983152033757917078e-06
2.682641693040650692e-06
2.901455153670006379e-06
2.452212951376925080e-06
2.147628712504151424e-06
1.999374376222838362e-06
2.019087767483909138e-06
1.822124272319115268e-06
1.817494283557574978e-06
1.621883971819180036e-06
1.248595565088918663e-06
1.104285657899937903e-06
8.074373133336005677e-07
7.629761471561113679e-07
9.817838960124140009e-07
6.939793730748003941e-07
-8.541015713949261068e-08
2.141304861710870913e-07
4.608581322354316155e-08
-1.873417958250499890e-07
-8.687724628805735996e-08
-2.830629813877199635e-08
6.875135966538178969e-10
1.071138141152842107e-08
7.737765248643051945e-07
7.549861331304257768e-07
1.108694397356775544e-06
1.071421058329495149e-06
1.409934749681477600e-06
1.744099822213933785e-06
2.076188039989621671e-06
2.029316903003647540e-06
2.364887806764846642e-06
2.327424004012033146e-06
3.052710114048837868e-06
3.033040297425985970e-06
3.026335247060510548e-06
3.409817418137568977e-06
3.809310756020545788e-06
3.853212296906336624e-06
3.918798089618906455e-06
4.380602624878222633e-06
4.495296000085330808e-06
4.638048030229737627e-06
4.810952240550957394e-06
4.646388883741631246e-06
4.886524392871924812e-06
4.794664359333054213e-06
4.742485341060000417e-06
4.732050253292712394e-06
4.765407019720755039e-06
4.844539422670443534e-06
4.240952201069087678e-06
4.418771044989289950e-06
4.284332909082204178e-06
3.841440855227968592e-06
3.819245629229518853e-06
3.493771875955825914e-06
3.230097950360719754e-06
3.030133279913735652e-06
2.895676359567404899e-06
2.828657643027046502e-06
2.472041232530886232e-06
2.187697784085231251e-06
1.977463794728933974e-06
1.843114204029142216e-06
1.073755634876592060e-06
1.097691152684368715e-06
8.476450825677393945e-07
6.817350251958202210e-07
2.478306883746353378e-07
2.558828226813091564e-07
5.325980368417253219e-10
1.878247598862381604e-07
-2.439042756994785933e-07
1.050595964067299542e-07
1.735091956465064349e-07
3.058534024287586629e-07
1.461982650697992256e-07
3.781477670979424669e-08
3.216258386261045652e-07
6.418528681741426364e-07
2.986841059661292605e-07
6.728048772981650725e-07
7.178625900939674750e-07
7.738573707839161394e-07
1.178323123953837163e-06
1.235877974827047876e-06
9.417006644606355700e-07
1.318492779029311488e-06
1.330732512809649372e-06
1.656414735517787553e-06
1.946770721859273132e-06
1.855501243902570166e-06
2.057091494715033052e-06
2.204746492369715402e-06
2.292318438177730621e-06
2.313701823601236606e-06
1.925693761242785231e-06
2.133917292314490691e-06
1.920701375670271675e-06
2.288415919227653888e-06
2.222952169126869617e-06
2.388879888944163491e-06
2.111191530841787893e-06
2.052225250580856154e-06
1.871959666334629519e-06
1.896744863366570225e-06
1.787816251732815885e-06
1.870578046443183432e-06
1.807292288108917869e-06
1.592522432423789063e-06
1.550082017551342512e-06
1.344159925421866433e-06
1.297590151873414880e-06
1.075617495942791886e-06
1.000145109765443357e-06
1.064196321986092049e-06
6.089143773020173927e-07
6.071091447056730016e-07
4.005678154998833308e-07
3.085171501123321303e-07
4.182425057306178096e-10
1.177159839193760572e-07
-3.168780570145480112e-07
-3.408699562469501333e-07
-6.066559585818478519e-07
-7.988283460666930408e-07
-9.247100512056417586e-07
-6.713872929836573523e-07
-6.868829845038403354e-07
-9.766943097926965314e-07
-9.093897809655613530e-07
-1.129553130375576498e-06
-1.007681791406356029e-06
-1.186250530769810106e-06
-1.037762187737771827e-06
-8.865711236921487123e-07
-7.395269434143900976e-07
-1.233149072839673524e-06
-1.113650078894097474e-06
-1.332406400250962172e-06
-1.267797832856009095e-06
-1.240877533551962643e-06
-1.258187566245725824e-06
-1.326268907328094489e-06
-1.451577557961190130e-06
-1.329850593330342632e-06
-1.279190170708288411e-06
-9.962150274398795315e-07
-1.107292279779483783e-06
-9.996685111365325551e-07
-1.605850917802537553e-06
-1.697952162674260237e-06
-1.899693854526390468e-06
-1.603624101614731047e-06
-1.737575999652777763e-06
-7.772584159131070037e-07
-5.662104473077961751e-07
-4.978442719782808063e-07
-2.737778872107859673e-07
-2.051085635599584633e-07
-2.976595955906390319e-07
4.842463694412089759e-08
-8.249344994851880729e-08
-9.097114429689645057e-08
1.589315897635993893e-08
2.310278718316066288e-07
2.470228115209229105e-07
5.834003383038845095e-08
-4.107897950762350682e-08
-5.813329816634691208e-08
3.260144456939646686e-10
-1.696508011741563343e-07
2.593448662573992382e-08
-3.070929602129775634e-07
-5.743526933991976079e-07
-7.774060639348559008e-07
-6.221929113679678012e-07
-7.020627329091025013e-07
-1.017165257687319851e-06
-1.273399193273974810e-06
-1.472308901801311237e-06
-1.615429399372701112e-06
-1.704325830732235448e-06
-1.740475138647281320e-06
-2.017310527559654053e-06
-1.952056428443014574e-06
-2.129594559239994683e-06
-2.259403957167206186e-06
-2.314063631377675368e-06
-2.295136718934632515e-06
-2.348784109607559497e-06
-2.331566389892725918e-06
-2.360342521815124010e-06
-2.436174443526810242e-06
-2.445117798734484794e-06
-2.446112900613642299e-06
-2.469081148688781795e-06
-2.457940715697530148e-06
-2.442642190046794405e-06
-2.395955656009377595e-06
-2.319216093057365730e-06
-2.242215671790513075e-06
-2.137833778153766569e-06
-2.035719513172514989e-06
-1.908824948315555472e-06
-1.814945552238173218e-06
-1.698767650942201873e-06
-1.561608388414072421e-06
-1.404776895139950830e-06
-1.257611954423842784e-06
-1.121314229788124573e-06
-9.690883612704650196e-07
-8.300823182787854594e-07
-7.054746051481326744e-07
-5.406809696641442032e-07
-4.205711886937858223e-07
-3.183061604848306373e-07
-2.073014558320451168e-07
-1.164778424712812853e-07
-7.456701411807076117e-08
2.523341782176781269e-10
5.237156184482253180e-08
5.737992672241260735e-08
4.680461113391702695e-08
2.454463874668395426e-08
-5.526584108707185424e-09
-9.424362012283894612e-08
-1.283168545689997258e-07
-1.859738770387829375e-07
-2.905239007814147302e-07
-3.564280197312604673e-07
-4.614767631392887291e-07
-4.662449019518502191e-07
-5.567995270423541763e-07
-6.208968587489594414e-07
-7.088706989574019871e-07
-7.629705417287007629e-07
-8.064804974977686612e-07
-8.894337989094972900e-07
-9.542352211985814504e-07
-1.024064221492234124e-06
-1.095119994479565074e-06
-1.136968837081900899e-06
-1.172735568668487794e-06
-1.198686917064848560e-06
-1.237754783384801154e-06
-1.233104066788016168e-06
-1.287152790369221229e-06
-1.263784229579537977e-06
-1.265225222415197326e-06
-1.261336415388062384e-06
-1.222159304222073506e-06
-1.223015029666390012e-06
-1.181324572381486283e-06
-1.146037702121492569e-06
-1.113497281781001854e-06
-1.053897338018844007e-06
-9.897678355169066565e-07
-9.436095242917933055e-07
-8.596631263359360928e-07
-7.864209196955717786e-07
-7.202042791013918169e-07
-6.573912828203725628e-07
-5.684480378098220596e-07
-4.757713781458786087e-07
-4.272733989001578793e-07
-3.420112262931732739e-07
-2.422154308985620909e-07
-1.757126971794200203e-07
-6.189514560074775088e-08
2.364173999454485706e-10
9.125752949500876196e-08
1.386435205017760047e-07
2.232840691389916099e-07
2.729584712989990199e-07
3.682614514853593676e-07
4.625422433826931863e-07
5.346895548809275552e-07
5.637606352109959478e-07
6.046780561983470860e-07
5.859341184424668925e-07
6.379171156709716443e-07
6.136950429473955095e-07
6.182026108900766288e-07
5.301625319615401022e-07
7.296500112966366679e-07
6.696983014648534805e-07
6.052508594583962209e-07
7.896287969501084766e-07
7.282750230216367210e-07
6.748937243971748999e-07
6.335922307065684550e-07
6.084872433525212119e-07
6.036048057304770760e-07
6.230472068000654335e-07
6.707931290682899748e-07
7.508643078907813467e-07
8.672258385218986696e-07
1.023852674193431738e-06
9.794138209381680213e-07
9.837650011067996301e-07
1.040776783016435625e-06
6.659570364601171483e-07
8.406152398982630421e-07
5.924781120347604876e-07
4.136943394618843768e-07
3.081025239346762996e-07
3.694539958178605791e-08
3.312802456076277415e-07
2.257567671708102584e-07
-3.248425229384614774e-08
4.335632539706531117e-08
-2.554029723287491488e-08
5.833613028410177613e-09
-9.895072586166768354e-08
-9.562449093374237386e-08
1.935236229939905149e-08
1.051698395661358344e-08
-1.176031952825097510e-07
-1.222119000624494535e-07
1.524570995917665306e-10
1.481738775410398708e-08
1.611007631813503578e-07
2.025802964237071817e-07
1.407984930288481451e-07
4.498099482853541229e-07
4.213475211073487784e-07
2.935093882742402468e-07
7.736037623050709665e-07
6.854389721723227703e-07
9.709438458913461201e-07
1.161091793207310859e-06
1.257294618585402867e-06
1.027457856758326490e-06
1.173883327090928642e-06
1.230145102064446721e-06
1.430294013100744064e-06
1.310199547433379660e-06
1.336269253612001611e-06
1.277261081337695725e-06
1.365920680163442389e-06
1.371711036486657636e-06
1.526714796908958491e-06
1.370680940448024695e-06
1.595969940311243167e-06
1.513060160042941257e-06
1.353589890304981211e-06
1.577027846911048841e-06
1.496704687597115410e-06
1.343333070147195498e-06
1.346306930768269760e-06
1.278289176691676327e-06
1.140618087727888447e-06
1.388896558571690446e-06
1.342106872795954505e-06
1.229036490065293560e-06
1.277170442278809957e-06
1.035123191726672532e-06
9.562864706903838404e-07
8.157807191739999738e-07
8.397807334283610572e-07
8.040541488237400330e-07
7.098759009080370058e-07
5.585142058403079260e-07
5.749353347102907542e-07
3.127053463766434217e-07
4.432302590754883891e-07
7.482224444146103033e-08
1.004218646175111396e-07
7.512130359408447969e-08
1.495188758167068463e-10
9.774961165446139989e-08
-7.680667767844316268e-08
-8.262238399647273007e-08
7.753707928101526050e-08
1.806050970957449278e-07
2.247489702418984154e-07
-1.156395057749685351e-08
1.289971389542107239e-07
2.046089530280292906e-07
2.134779559727462650e-07
3.723465816578940976e-07
4.603465367286420376e-07
2.577716146466530526e-07
4.166701384957536230e-07
2.815232360930043051e-07
5.025970944192443644e-07
4.262009948535323872e-07
4.843883294343806093e-07
6.746023318512696514e-07
3.467073955209645825e-07
5.785791231926566166e-07
7.201047979731761973e-07
7.696837033820688022e-07
5.109721013556666731e-07
5.863844521210548156e-07
5.643491600195017338e-07
6.570415023701061840e-07
6.485072791777067226e-07
7.503930262425704927e-07
7.472870675988859813e-07
6.588801974358307522e-07
6.959284847373820625e-07
6.650131651990032873e-07
7.127010587617782299e-07
6.886501617314710949e-07
6.545120945034612182e-07
6.083682326625352281e-07
6.114645464292185114e-07
5.353965691682182400e-07
4.836004193728984734e-07
4.329876972247383005e-07
4.025932631519666956e-07
3.484489520924129193e-07
2.896387150507090457e-07
2.450827713714756310e-07
1.919173868850086714e-07
1.282326744961610528e-07
9.368667249238116388e-08
4.469905811591935138e-08
1.191000588673374934e-10
-4.213869042677954707e-08
-8.461890373455528708e-08
-1.093304573798333471e-07
-1.396140030615609580e-07
-1.780946896244238125e-07
-2.068194192365027478e-07
-2.284673005520998932e-07
-2.457005291677764709e-07
-2.816498568304622212e-07
-2.775318372804987366e-07
-3.178126254458805833e-07
-3.437320301625442727e-07
-3.783600610090585053e-07
-3.835857360190945576e-07
-3.418253716711901526e-07
-3.573027997875207751e-07
-3.513477783215412963e-07
-3.469068225216789501e-07
-3.465864318294550076e-07
-3.125394954521144096e-07
-3.079761295458273653e-07
-3.152969038609604583e-07
-2.967730172465321839e-07
-2.952483401734359917e-07
-2.932144143521917870e-07
-2.732004930574411948e-07
-2.578273854436042472e-07
-2.496829221028099026e-07
-2.313398906813797497e-07
-2.053972292499539498e-07
-1.943467770730285320e-07
-1.609350648455425385e-07
-1.474969028600437992e-07
-1.168586172033782898e-07
-9.143258342211743160e-08
-7.373753495408296822e-08
-2.679497030832757615e-08
2.703090939559731453e-08
-1.328767263134499466e-08
7.427912545948544459e-09
2.748901173940775882e-08
4.437539597758580669e-08
3.599182245704309494e-08
3.905063356818944514e-08
5.099266388662516693e-08
3.024604331279193183e-08
1.341380286048166651e-08
1.743966675671965611e-08
8.656635364176410728e-10
1.040911882985134824e-10
-4.531595018426123542e-08
-5.899571111399834432e-08
-1.000576696432304264e-07
-1.307459600103532692e-07
-1.906576617649034946e-07
-2.228596935273856588e-07
-2.669142734022656227e-07
-3.045463815693763000e-07
-3.175384887195288570e-07
-3.453073677540055330e-07
-4.270164965548403191e-07
-5.061485284966978670e-07
-5.645154119544568998e-07
-6.031977004490244700e-07
-6.232192543311689036e-07
-6.636729413652710876e-07
-7.254266927333789357e-07
-7.714434295724341061e-07
-7.837497815303151124e-07
-8.013228501568682188e-07
-8.062058979868364862e-07
-8.371207670511425233e-07
-8.572217983232746835e-07
-8.298757044552598249e-07
-8.314044855946882372e-07
-8.251169333588454663e-07
-8.119517216686683597e-07
-7.929436736774975969e-07
-7.503092674882126263e-07
-7.411602104954950784e-07
-7.289940132509247396e-07
-6.774674087929477877e-07
-6.621536421631848806e-07
-6.094887955702595947e-07
-5.947981778851726806e-07
-5.447463262481533014e-07
-4.974379095930851355e-07
-4.352830398647754056e-07
-3.962382555354712827e-07
-3.626810868344987501e-07
-2.986710386408875945e-07
-2.605135434903383561e-07
-2.122222580815709559e-07
-1.915157724617322966e-07
-1.442040911002663849e-07
-8.962765845359932895e-08
-6.532330745699217914e-08
-3.556419770246671729e-08
-1.954433121992880841e-08
8.748285726337723385e-11
4.506114333202380440e-09
-2.378478581811081390e-08
-1.112308237563454095e-08
-2.925329165087846097e-08
-4.091725676932551330e-08
-6.330069844336709625e-08
-9.543475068709484974e-08
-1.363601720260311754e-07
-1.490894905835246732e-07
-1.687928819465781517e-07
-2.124991653013155255e-07
-2.253474198552057538e-07
-2.782489984430769641e-07
-2.985140348733105692e-07
-3.210880454045233752e-07
-3.629623761299951046e-07
-3.874417922090469068e-07
-4.115006635891807343e-07
-4.698051192212037381e-07
-4.724794946758794289e-07
-4.897958668856614523e-07
-5.030832974539519270e-07
-5.291387970623384112e-07
-5.316779503396262068e-07
-5.275045876399461452e-07
-5.334112724690675415e-07
-5.484120134760803423e-07
-5.540408128183229086e-07
-5.493856115452983034e-07
-5.335861347443644616e-07
-5.584021276893172228e-07
-5.352265499996658863e-07
-5.158042176085526712e-07
-4.643026973987004047e-07
-4.497116959614827975e-07
-4.187567100794450754e-07
-3.879707106308123628e-07
-3.738762552965077254e-07
-3.234439318123928025e-07
-2.879127881873733136e-07
-2.663657070304581007e-07
-2.232437930801517903e-07
-1.923226586976651965e-07
-1.726610902640745872e-07
-1.461041830469153001e-07
-1.290075849710287894e-07
-8.606503827775633316e-08
-5.084253950057960000e-08
-2.243389393154989131e-08
6.427224703847671937e-11
1.765243313294789975e-08
4.882961296760501339e-08
6.089771462935070950e-08
7.246606901258022003e-08
1.020535027617596012e-07
1.170613042818426655e-07
1.020383589105561883e-07
1.264484926915560063e-07
1.407906788531141175e-07
1.296465555230077161e-07
1.453112723156108064e-07
1.385007539474628723e-07
1.445034168871721782e-07
1.310516391437062221e-07
1.333406405725319827e-07
1.359747270229414513e-07
1.236319766717194384e-07
1.313651957831268836e-07
1.270712759910040159e-07
1.122569116202254814e-07
1.218288183900708749e-07
1.237878629194707272e-07
1.029525404042288132e-07
1.107957753626803168e-07
8.216059895317758523e-08
8.505817075642095018e-08
8.764734547404214583e-08
5.824747897249853679e-08
4.805855349073980769e-08
4.192527971179715530e-08
4.127987427015938101e-08
1.456729054889326359e-08
1.272168046495390635e-08
4.195890749936422800e-09
6.877884082307104554e-09
5.752167408634209253e-09
-1.412585672394925196e-08
-2.146925556271626719e-09
-2.240181924501618434e-08
-4.068320657712814910e-08
-3.926041039188019721e-08
-3.307463748202547642e-08
-3.699223481915858829e-08
-4.956165401479816810e-08
-3.685693000882497946e-08
-2.998696137586681377e-08
-4.371291118360647195e-08
-2.801285084240083105e-08
-1.389684048725015972e-08
4.988610556680711212e-11
-1.004753362683546524e-09
3.210845199904503375e-08
5.170252645502047205e-08
7.457892601093443291e-08
1.014108221169238955e-07
1.168395407709157525e-07
1.536102086567549073e-07
1.803457226007742807e-07
2.137395422728124111e-07
2.385016662788646139e-07
2.553186456769508432e-07
2.967562499309309954e-07
3.157126838992250042e-07
3.288107187263985693e-07
3.367540005917335103e-07
3.719321081741177267e-07
3.874317753516315426e-07
3.840024339667536780e-07
3.939900685739056164e-07
4.179846934211465467e-07
4.251105547792078668e-07
4.475939875165326127e-07
4.545837988178111555e-07
4.468521781056801919e-07
4.407631226619404525e-07
4.369643854836142964e-07
4.361638774405825375e-07
4.233567472997137203e-07
4.304924149591579881e-07
3.957741839537055598e-07
3.823446136548990602e-07
3.596514833061667298e-07
3.439313093807533472e-07
3.203317818623976607e-07
2.895059884362285402e-07
2.676274314440339078e-07
2.398882040399797526e-07
2.069509460235075208e-07
2.003423825365329473e-07
1.590033699861006955e-07
1.606563692217530085e-07
1.289557965460366210e-07
1.107301157746706511e-07
9.125368266870959130e-08
7.118456281019733512e-08
5.117987311981200463e-08
4.717497819832807631e-08
2.923279723402664623e-08
1.330436134144601752e-08
3.160200765415739039e-11
-1.012026892650897835e-08
-2.194533076699416117e-09
8.162234043632457837e-09
2.053796793680898440e-08
3.451920981895449663e-08
6.482778222724065563e-08
8.078132939353124543e-08
8.202644836172945012e-08
1.134400872007260694e-07
1.293407367273775147e-07
1.444215601151946145e-07
1.582848312160888648e-07
1.855398518954231930e-07
2.257414928925081817e-07
2.335288267966066443e-07
2.534800902928542560e-07
2.702083272577628213e-07
2.833427300378722176e-07
3.074037670766913882e-07
3.121478330692152708e-07
3.270319175615649006e-07
3.515817195868079263e-07
3.408775185394358064e-07
3.539423630174555495e-07
3.606593012733619442e-07
3.754837681099300879e-07
3.536236396837588016e-07
3.538816066438291001e-07
3.462813661913906743e-07
3.451988167711197772e-07
3.502160795805294750e-07
3.168184361415744551e-07
3.034855192522904284e-07
3.097355985733916869e-07
2.911975273401852030e-07
2.767955998590823751e-07
2.661423415550555499e-07
2.588323522968019901e-07
2.398837825369112186e-07
2.089632574578315210e-07
1.948009996631547683e-07
1.824184384570142841e-07
1.424080220366232040e-07
1.324506225354312622e-07
1.231058547756051375e-07
5.613651071896719475e-08
6.135963411935399381e-08
3.714625559162927232e-08
1.203471945810964793e-08
4.132776861774024423e-11
6.687617437405426498e-10
1.314148309864868151e-08
7.918376029068280720e-09
-1.574375725221544257e-08
-2.994884190370553085e-08
-2.122670420116396928e-08
-3.330973497863226716e-08
-3.838679293064620133e-08
-3.728128056704965228e-08
-3.080532140042988587e-08
-4.822391040118610433e-08
-4.762562183776930597e-08
-4.405781118020849539e-08
-5.249966674882848966e-08
-4.538288146018385684e-08
-3.769333835472734705e-08
-4.435483669333714787e-08
-5.199536282047782211e-08
-8.959467186898571216e-08
-8.742981962911361902e-08
-7.455106812391194577e-08
-7.988701471787228499e-08
-3.397866870257459767e-08
-3.592521808205631917e-08
-3.033131841035815184e-08
-3.199693390180336195e-08
-1.372562398138968944e-08
-1.824586564485818683e-08
-1.837291110044270534e-08
-1.490065609775814379e-08
-8.619170684579162119e-09
-1.421420671411729842e-08
-4.655586119748637733e-09
5.362399258119031842e-09
1.209804013216564165e-09
-4.002891504435210593e-09
2.778337576588574512e-09
6.933085126392703513e-09
-6.094973476926931678e-09
4.314932214324643996e-09
9.789632425201470779e-09
9.575603384627877481e-09
2.923717120644626301e-09
2.805860782556462303e-09
3.584282645350297143e-08
1.902520180343459098e-08
2.012198867965955379e-08
1.099232691819752026e-08
4.550586373936739333e-09
2.577787620440842903e-11
-4.413742422290899834e-08
-3.308244389036631603e-08
-6.250151353371255471e-08
-7.839434559241794146e-08
-9.477483367774952467e-08
-9.851385101998659609e-08
-1.171209345000863917e-07
-1.374488056605263073e-07
-1.464030476059058572e-07
-1.714005234253001968e-07
-1.723968349860738937e-07
-1.767852609299133423e-07
-2.118560698679438880e-07
-2.107613246816243280e-07
-2.277234677248465193e-07
-2.228624793138631794e-07
-2.501883679023445143e-07
-2.565614383991719436e-07
-2.557836715294321802e-07
-2.616340220714690658e-07
-2.745038462979199682e-07
-2.681537940659077138e-07
-2.696397901825870610e-07
-2.660798217597502223e-07
-2.578472776379171008e-07
-2.586788375219451969e-07
-2.556583644421507176e-07
-2.624550803591375515e-07
-2.530157253027006462e-07
-2.409844308744690398e-07
-2.267599522393417968e-07
-2.239659755649505648e-07
-2.066191744482058442e-07
-1.883005885787120745e-07
-1.694569480093965897e-07
-1.635712663484997300e-07
-1.579131213396839104e-07
-1.267055385585245404e-07
-1.227208141370527014e-07
-1.070974920825389079e-07
-8.026938296662205987e-08
-6.873063941054720399e-08
-5.981687774554303716e-08
-4.091187575506791916e-08
-3.842394140959160754e-08
-2.674367140533139306e-08
-6.298008050427113518e-09
-3.408569046414048024e-09
7.456548090909971707e-09
3.273539718998462037e-11
-9.790134635981713720e-11
7.154261273908435152e-09
-3.783459360718707171e-09
1.883160950681237075e-08
-1.487383746610391779e-08
-2.746474114544285766e-08
-3.162007295195275886e-08
-3.996884545767181229e-08
-6.508771957508527050e-08
-8.113549636392651883e-08
-8.792908768438553913e-08
-9.804614884302462602e-08
-9.851856479711962858e-08
-1.146305773566489433e-07
-1.206842705711641604e-07
-1.419124585520946201e-07
-1.399770003861216201e-07
-1.527793888774434937e-07
-1.547314190460905522e-07
-1.583078820196977902e-07
-1.759452940876638992e-07
-1.694842285347705627e-07
-1.766494810205436793e-07
-1.971967114254812983e-07
-1.805194532564010079e-07
-1.893893305856332150e-07
-2.109584198821243179e-07
-1.947914625635921340e-07
-2.034668075846893398e-07
-1.991423940678949026e-07
-1.816396355902117934e-07
-1.757986847023300637e-07
-1.688940658701657092e-07
-1.607007470002022684e-07
-1.510315284293536495e-07
-1.396832327534665532e-07
-1.388863094651671214e-07
-1.235625459420648525e-07
-1.059569073124463872e-07
-9.826727351466726411e-08
-7.549146245149953633e-08
-7.458117277614550089e-08
-5.819261281953987816e-08
-3.851256854633968884e-08
-4.001018033792668289e-08
-2.546034773003825100e-08
-3.162502610609760193e-08
-9.062881638271711474e-09
-6.782212943961672520e-09
1.909505671558579540e-11
1.157843764632460912e-08
1.607922645759186182e-08
2.626279723838285119e-08
3.037913771831587928e-08
2.893829455960723418e-08
2.244151860077539128e-08
7.229308420701193852e-08
3.279090702587960186e-08
3.840466188866605252e-08
2.876635511100104886e-08
2.866844291085381029e-08
2.644663196107818128e-08
2.258981367695862360e-08
1.758977992122019530e-08
2.400927251949426737e-08
1.816168338202244941e-08
2.467628115559455818e-08
7.862510568928609852e-09
1.640396130010278059e-08
2.620481830822721816e-09
3.084842416276064621e-09
-5.759544005857985750e-09
-1.142191417336460437e-08
-1.461910505467944599e-09
-1.132844175086038029e-08
-1.658873944548805502e-08
-1.678084302854505277e-08
-2.336735206572970023e-08
-2.394185406911418276e-08
-1.804518748448086318e-08
-2.899999137535865568e-08
-3.252933858851963147e-08
-2.818134789117045519e-08
-2.735842956435248656e-08
-1.773765712217299781e-08
-2.252671207916330021e-08
-2.939778349191604170e-08
-2.606783358883343111e-08
-2.388750502195199663e-08
-1.060425983018537429e-08
-2.108615184962862299e-08
-3.127937601159715072e-08
-2.896969996377782152e-08
-2.546108177960822948e-08
-8.566832408744840337e-09
-1.298783772351299416e-08
-1.479774524939726351e-08
-1.851603756470420838e-09
2.923771372055253305e-09
1.870511487999440106e-11
1.319295727045096186e-08
1.943240588159749148e-08
3.066761298627469080e-08
4.716587653499751107e-08
4.598469994061165619e-08
6.223347409053367168e-08
6.140130235228831374e-08
7.852751185833578114e-08
9.072138544091534018e-08
8.673264472879248694e-08
1.014951337455007913e-07
1.121838917571038386e-07
1.075780576482663633e-07
1.225064837528330934e-07
1.342081477014320967e-07
1.544515641266601906e-07
1.490886238412324935e-07
1.528394554529937950e-07
1.545075874384046463e-07
1.658208574804965095e-07
1.755894859856542671e-07
1.726971000864442849e-07
1.688435949400495884e-07
1.757133411186561598e-07
1.594132471998155177e-07
1.657430863809364697e-07
1.722132105529795592e-07
1.564073087699765976e-07
1.640025668144120443e-07
1.498952986417127983e-07
1.370671843331361241e-07
1.370813964675089716e-07
1.275988397333169228e-07
1.314717805790079763e-07
1.151405240397458090e-07
1.014455489346047807e-07
1.018938847309203889e-07
7.179086286136886056e-08
6.760123475853408411e-08
6.710189110226807394e-08
4.815369688684205116e-08
4.465004164063381771e-08
2.328269252253097418e-08
2.904108156850262456e-08
1.749321250441197272e-08
2.239685892066353915e-08
1.057030415507675801e-08
4.579033719386889266e-09
4.675385731557455906e-09
9.924012155034170183e-12
-2.027984000880270278e-08
-1.184015757845359718e-08
-1.909304514262008447e-08
-1.994080753357113132e-08
-2.551445423880261428e-08
-2.482555213453796157e-08
-1.795914167718397581e-08
-1.601111122444853659e-08
-8.026373192258272771e-09
-5.079487507203237079e-09
3.762860053833999909e-09
7.447969445364580874e-09
1.688833147347656636e-08
1.010284117610862529e-08
8.954771387609385032e-09
2.429454414391582812e-08
2.325240524963853167e-08
1.672308132442371001e-08
2.645409634728959378e-08
1.967338152081110425e-08
1.811987619441006864e-08
2.171409636579840047e-08
1.952296447706264470e-08
2.234530820517562431e-08
1.926948512968626428e-08
1.024957925588349897e-08
1.686820364806950154e-08
1.741046083740536509e-08
-9.756960089965969758e-09
8.285539823413845303e-11
-7.102775857664717256e-09
-9.802902971781193993e-09
-8.092493813008023122e-09
-2.352973467331920603e-08
-1.320328330585031444e-08
-2.013196605610131180e-08
-2.290847376673818865e-08
-3.230592028398080468e-08
-2.698626225781242240e-08
-3.909639124572031770e-08
-2.596656708281612960e-08
-3.037013431851705486e-08
-4.166959043869839132e-08
-3.862781209972200265e-08
-3.197740559238858773e-08
-3.240864223041922721e-08
-2.935291089919232224e-08
-2.288295755628927856e-08
-1.307083289349682320e-08
1.412901408063785073e-11
5.680800500744144729e-09
1.419084009576059163e-08
2.516703758326955581e-08
4.877110999752079653e-08
5.301361864636165515e-08
6.913803105409898854e-08
8.623338531700449815e-08
9.343148894552741541e-08
1.218573580504286679e-07
1.396511043284396104e-07
1.569375771139985377e-07
1.733746537322379742e-07
1.885708694074514113e-07
2.126056180955511220e-07
2.242540654153193537e-07
2.544231866056188041e-07
2.714750570296532560e-07
2.854846607585359533e-07
3.064889980950124848e-07
3.133404217665996156e-07
3.264469554779555793e-07
3.350795248774131874e-07
3.492414186192058382e-07
3.685550703613150025e-07
3.719773653385539307e-07
3.901492308944038428e-07
3.917398604246156653e-07
4.073484825610853749e-07
4.056912826763392053e-07
4.070270096745528610e-07
4.109738440176324743e-07
4.171790235567861861e-07
4.150211705239383464e-07
4.144117400682308086e-07
4.047374584105367527e-07
3.959207642377445522e-07
3.875742059745643745e-07
3.691447723560993557e-07
3.606874998727634418e-07
3.414670281351008736e-07
3.314891827976623181e-07
2.998754847927139806e-07
2.666522518314896098e-07
2.314688043050406750e-07
2.041038456069542227e-07
1.639300998632344653e-07
1.207560771496254990e-07
9.444816958183684840e-08
5.430327912090972421e-08
8.412768910206549750e-12
-4.851092854133965024e-08
-1.013295810414459808e-07
-1.583409271617453896e-07
-2.194574242391592833e-07
-2.745101966571213948e-07
-3.334870008100513038e-07
-3.962688693425056214e-07
-4.527577949620984860e-07
-5.228712182445263357e-07
-5.865146241546885654e-07
-6.535904248447007157e-07
-7.140120716510447906e-07
-7.776910550987523285e-07
-8.445378038894274113e-07
-9.044944168569155450e-07
-9.574861814709823966e-07
-1.023312458980578377e-06
-1.082015414687026714e-06
-1.123589287965724417e-06
-1.167820201922830510e-06
-1.224507805837289239e-06
-1.263850850568776156e-06
-1.295712735722969588e-06
-1.329867473574919829e-06
-1.366215770710469818e-06
-1.394936448642722726e-06
-1.396040777152595591e-06
-1.409057853437633429e-06
-1.424034529286968242e-06
-1.430921984826011126e-06
-1.429742444674630046e-06
-1.420386164309195809e-06
-1.412627867597812570e-06
-1.396719845989578001e-06
-1.372289839534240898e-06
-1.339492674018065463e-06
-1.288464001252229464e-06
-1.248390198044033856e-06
-1.189974280721684269e-06
-1.113148677117727895e-06
-1.047046664210056089e-06
-9.624258601069913653e-07
-8.786379572339521797e-07
-7.762408412173118096e-07
-6.745382436401850493e-07
-5.540977912100907987e-07
-4.245601197705488297e-07
-2.955048398680811830e-07
-1.572160034383581393e-07
1.085186630921349771e-11
